536
260
105
32
714
45
780
703
772
950
938
193
795
217
60
70
68
950
559
334
167
857
1
259
201
636
231
90
623
81
630
12
79
714
321
511
281
276
939
122
407
753
333
474
729
445
90
278
987
948
360
105
411
418
482
313
830
75
780
20
506
148
847
707
249
609
502
89
668
889
968
565
6
942
15
317
467
914
735
238
153
159
595
666
254
421
829
266
506
673
780
884
486
907
267
254
381
737
536
60
90
731
370
942
258
271
687
109
211
446
108
967
174
486
670
521
841
857
489
733
343
446
535
733
844
943
563
758
588
187
815
440
619
172
307
805
699
323
486
560
89
618
745
424
664
971
962
197
475
168
31
435
301
83
317
404
555
286
63
963
524
877
234
270
560
795
753
347
175
282
820
103
387
223
230
674
857
717
583
15
692
777
375
35
347
262
133
228
523
722
447
20
391
864
123
381
144
96
573
936
80
396
601
265
91
732
339
957
456
660
917
318
884
92
561
606
297
800
800
91
45
177
747
490
773
965
384
863
531
322
750
275
349
281
476
759
649
832
128
384
550
568
84
707
212
433
517
555
975
578
566
137
648
333
114
340
188
666
354
825
273
171
390
316
231
849
831
160
363
429
612
243
234
577
171
806
459
104
523
3
54
842
183
535
252
853
357
643
310
217
640
173
387
554
948
813
52
148
784
229
771
642
856
463
684
351
3
30
570
625
210
174
980
138
139
709
474
313
100
414
587
0
588
835
816
599
231
227
919
754
960
821
336
807
812
844
852
690
212
51
488
964
867
235
516
145
193
874
624
273
623
310
473
697
508
227
201
347
240
129
477
147
719
281
451
708
552
129
3
226
94
334
781
537
366
458
731
302
74
39
409
741
790
859
810
123
753
324
805
892
255
797
224
568
156
745
899
345
35
703
480
888
216
63
481
280
699
525
11
955
14
467
226
477
352
764
677
390
876
358
124
939
211
311
895
391
641
836
928
166
807
285
171
506
420
285
245
274
745
289
515
279
213
679
405
153
183
369
235
442
930
586
814
712
166
768
610
825
508
738
714
603
530
844
741
906
976
233
960
349
738
481
484
978
375
219
969
657
273
892
723
591
478
288
228
652
294
64
730
143
62
661
130
304
989
916
701
350
965
235
442
18
28
234
701
660
475
958
871
629
431
258
621
213
46
535
109
645
124
38
462
983
647
67
439
829
624
980
339
96
667
337
668
778
320
327
494
461
459
720
453
621
424
734
793
516
204
656
665
261
536
171
22
283
575
676
834
258
690
621
24
302
98
382
309
339
206
942
39
421
237
890
293
938
302
526
576
76
182
234
33
50
602
118
475
346
661
769
737
352
565
134
363
194
545
0
429
95
165
904
521
341
762
876
359
562
535
178
689
765
557
182
508
318
905
872
428
307
923
649
966
317
47
151
116
827
265
312
325
189
727
444
435
155
954
109
313
462
412
715
861
823
32
363
82
280
223
368
33
136
951
109
497
115
217
250
284
320
786
229
684
444
842
434
358
632
700
278
749
519
413
265
362
787
657
970
908
600
682
951
754
864
234
733
536
384
115
877
178
931
836
456
658
902
583
924
640
604
929
95
419
667
298
827
547
327
910
451
600
461
995
69
600
891
836
896
917
982
61
888
422
211
183
184
792
818
606
295
715
504
538
831
305
452
19
114
845
645
544
509
937
193
298
113
890
681
484
231
704
979
566
780
184
80
795
166
556
664
687
646
791
594
389
246
249
937
575
173
930
611
511
408
852
643
310
348
25
298
484
625
351
665
959
225
481
986
143
641
425
360
257
943
154
740
154
125
91
634
159
765
88
323
803
902
979
571
337
677
412
638
802
527
12
775
688
998
336
281
204
874
188
42
334
794
638
101
171
44
293
270
779
217
850
315
148
300
413
257
873
949
539
197
447
872
766
493
857
51
86
382
690
457
407
830
52
984
619
740
582
602
785
255
331
106
125
653
241
405
875
358
231
115
206
767
163
157
622
755
154
746
378
999
817
933
801
756
668
401
551
483
733
120
190
516
295
808
67
232
515
39
547
816
843
768
990
509
661
366
747
177
155
313
404
981
769
407
482
373
790
644
204
57
238
781
989
661
806
410
908
548
442
586
775
24
261
443
314
413
695
42
541
359
19
160
204
8
465
6
27
375
449
882
585
718
914
490
660
210
122
640
190
464
926
687
599
518
692
317
378
304
679
450
28
581
563
800
59
825
866
651
707
979
727
762
319
322
848
407
614
739
313
99
235
142
679
470
985
659
393
902
927
607
606
181
465
107
187
456
864
238
900
213
419
82
358
269
341
861
402
483
880
201
644
795
210
573
844
390
63
413
44
957
16
40
668
84
963
649
947
457
755
729
695
429
521
562
431
331
827
855
598
998
724
66
194
912
292
118
838
392
425
502
677
43
549
693
561
262
635
136
715
539
485
0
187
987
71
213
922
979
569
192
37
649
801
487
397
505
735
431
813
211
53
628
676
199
671
253
948
612
751
710
18
77
813
197
511
134
285
113
622
189
904
56
751
996
999
833
107
270
877
305
657
608
397
177
545
570
373
703
767
54
745
732
505
624
347
223
308
910
537
720
517
810
943
767
44
86
599
686
997
848
294
60
530
830
297
748
675
707
191
397
920
763
745
11
408
603
703
350
491
308
437
777
405
330
110
942
187
224
40
80
163
447
409
920
791
686
55
389
811
803
438
518
584
939
805
801
615
79
114
682
634
416
216
172
207
412
678
563
726
41
226
29
981
754
726
870
74
776
905
899
49
458
273
546
903
112
911
112
598
60
283
922
889
810
803
545
731
593
926
679
939
890
990
999
787
329
989
28
977
651
238
760
141
911
400
865
524
991
975
863
717
657
531
72
378
856
589
519
369
585
447
939
75
147
91
668
732
606
23
348
373
959
375
899
191
579
299
387
833
387
603
725
683
158
489
268
419
181
590
96
936
203
143
822
654
515
449
166
321
191
499
844
102
838
331
764
886
749
299
160
948
593
565
820
97
724
797
940
373
431
54
564
65
975
232
871
163
651
681
836
482
332
329
902
275
213
50
179
571
350
503
992
494
932
788
483
143
923
407
889
336
278
390
657
509
766
705
0
596
306
97
238
727
686
273
969
438
503
404
488
942
485
560
363
831
282
433
962
429
266
888
211
604
956
165
792
906
384
171
952
447
185
636
380
152
781
868
557
173
682
426
252
583
899
196
282
54
475
819
793
842
66
279
370
49
646
644
369
16
508
709
766
413
319
231
22
44
88
730
81
569
982
611
941
894
208
453
123
533
441
658
424
0
882
469
431
438
631
17
4
953
227
783
388
998
997
444
836
509
415
17
719
682
660
615
548
698
971
915
95
602
593
894
287
29
379
424
984
348
676
942
762
179
268
98
289
138
762
66
478
1
283
435
14
303
764
23
978
173
852
172
471
566
373
632
494
482
93
586
527
323
808
163
153
583
536
436
541
40
951
745
52
401
548
767
878
730
597
346
349
77
460
202
353
537
13
135
909
31
271
779
82
411
609
726
443
101
38
664
584
649
924
130
879
172
546
806
751
225
720
792
303
827
739
989
983
291
1
364
77
931
265
369
43
628
919
233
806
93
727
419
386
414
296
28
261
132
180
726
441
861
252
730
854
190
112
827
128
411
80
741
756
328
69
734
400
493
603
820
940
503
659
887
52
981
244
408
951
751
530
177
589
374
570
991
772
288
572
326
691
683
554
548
923
252
616
97
675
800
549
245
684
394
833
99
516
38
663
164
614
86
853
655
433
308
73
263
808
895
55
638
874
161
752
65
539
552
949
459
291
539
668
198
397
720
122
327
11
11
778
426
200
313
277
199
510
870
186
771
393
140
904
225
476
870
490
194
706
500
282
899
968
975
897
830
585
247
37
228
906
58
68
178
343
264
569
161
493
845
357
58
177
735
335
97
897
337
375
73
586
184
471
809
258
571
195
686
807
704
267
929
95
540
734
634
353
819
905
437
348
218
289
436
255
48
205
341
601
828
808
230
714
579
13
590
313
833
779
773
231
330
603
942
379
625
608
172
64
49
871
236
645
706
247
842
475
799
778
822
884
877
676
119
377
550
44
488
653
999
192
491
313
791
550
20
855
681
169
863
451
75
457
77
782
304
750
906
597
827
261
482
410
454
428
662
81
313
643
297
558
510
931
705
421
637
716
762
450
348
530
172
10
209
759
256
761
203
575
958
365
94
431
44
907
565
999
938
9
668
994
353
212
614
52
669
675
237
116
544
691
233
522
26
685
811
50
918
413
866
289
254
507
910
543
305
935
186
118
420
329
839
691
303
95
223
402
641
875
847
638
55
940
449
234
281
332
129
777
213
401
494
485
673
664
475
422
843
655
335
305
579
425
866
731
339
56
825
550
965
37
843
652
62
388
77
81
954
95
66
262
144
455
791
778
863
226
111
604
81
289
691
567
279
129
212
757
733
5
571
159
216
162
721
323
109
59
234
200
755
262
344
926
484
670
429
41
96
266
489
496
219
430
741
937
312
721
158
815
302
919
654
78
666
160
96
766
284
345
243
54
326
873
569
675
323
974
584
938
573
609
864
914
2
735
174
6
631
233
104
593
405
679
2
18
979
465
937
267
524
934
927
828
235
416
470
285
292
359
703
156
189
221
453
548
253
690
950
855
187
378
874
420
946
923
47
644
748
419
100
450
772
114
613
498
977
595
894
868
872
417
900
640
768
128
984
259
108
153
765
123
788
314
572
568
678
429
653
180
28
120
257
652
821
773
598
831
208
795
275
782
781
340
861
125
831
960
145
322
712
507
282
171
707
954
493
876
128
804
259
873
35
342
40
313
238
863
218
852
816
918
467
958
590
152
707
604
521
639
903
110
288
39
438
686
143
891
518
665
600
951
739
227
681
79
592
280
903
168
473
608
314
13
911
34
176
174
597
628
750
764
420
946
908
567
906
845
457
699
648
590
783
144
467
308
503
306
18
42
8
841
938
172
677
649
399
987
429
92
661
702
519
382
670
20
116
506
324
616
471
636
0
252
67
22
324
129
37
910
471
30
522
96
391
407
41
72
611
736
852
963
761
194
59
527
286
700
841
408
372
222
171
172
49
123
999
985
694
573
441
301
756
781
492
751
574
666
471
748
115
841
189
604
498
423
530
214
484
460
250
353
164
680
700
533
922
82
360
569
928
702
877
566
36
470
278
916
40
93
262
356
294
736
801
733
512
270
484
835
367
945
592
21
618
261
667
854
562
649
248
142
883
676
592
9
590
218
553
841
5
855
566
256
189
27
287
136
875
870
474
838
161
213
962
924
320
30
839
22
338
753
606
904
384
144
835
382
817
16
228
836
492
912
231
327
192
730
631
660
930
384
907
583
672
192
928
174
428
75
680
839
666
962
386
119
293
778
12
653
238
498
599
279
495
714
338
363
583
734
58
752
527
763
424
646
365
754
674
715
766
971
815
856
154
19
853
188
906
273
462
775
493
933
739
449
740
266
358
371
226
566
102
462
712
448
55
820
56
105
161
92
736
854
795
73
225
773
350
37
329
117
678
378
806
307
495
617
460
299
156
111
640
932
150
669
574
206
298
343
912
632
428
375
400
885
636
938
425
247
998
731
864
56
854
79
56
404
795
729
855
867
595
255
395
941
591
85
169
294
41
208
759
893
59
309
96
712
514
651
952
106
227
631
553
856
645
711
477
256
647
256
396
282
931
691
17
579
131
486
56
224
635
552
3
553
647
167
430
310
998
325
591
422
551
695
706
77
563
16
187
461
68
38
293
113
348
60
83
702
321
16
765
67
592
29
173
219
935
51
443
376
887
54
478
906
258
253
603
768
121
259
123
334
153
979
720
488
727
680
824
646
954
883
326
384
120
977
917
836
371
435
982
397
909
383
404
678
178
159
798
768
222
153
413
521
311
583
126
254
107
320
58
313
669
895
276
62
820
714
539
827
788
622
329
654
417
840
515
732
993
407
42
710
698
321
464
614
956
187
695
588
224
733
255
554
650
460
887
942
290
242
622
185
25
211
34
683
762
402
73
233
391
284
358
482
78
906
110
615
123
725
579
153
743
885
473
855
625
515
935
959
221
311
712
845
466
940
154
43
689
259
695
992
906
678
507
227
817
502
301
625
617
430
970
406
255
426
885
577
635
898
395
2
66
587
167
152
112
608
481
318
868
285
117
455
852
844
985
650
299
148
342
159
560
671
491
826
280
986
558
23
799
514
285
55
907
485
468
554
970
847
7
886
669
870
963
246
852
336
792
942
836
332
889
902
847
110
807
382
267
183
907
369
13
564
587
53
751
101
983
442
592
889
532
608
387
320
976
862
75
305
663
856
901
526
254
185
222
781
550
370
823
543
467
433
718
382
22
261
839
515
431
312
610
30
287
143
711
154
717
439
767
735
304
632
661
186
564
974
206
10
856
573
788
812
895
437
433
138
582
430
34
255
886
606
969
934
313
168
328
644
171
56
723
442
225
301
749
912
605
877
398
263
597
567
395
253
968
13
454
62
226
641
896
65
74
401
388
561
82
390
782
205
903
129
276
611
603
919
420
824
279
679
406
298
148
417
803
506
811
434
694
220
419
157
449
673
540
116
436
471
570
303
850
775
372
20
308
952
653
567
394
722
75
268
686
477
854
515
100
499
443
611
304
275
594
339
574
951
20
413
919
361
25
891
466
969
153
958
546
314
329
581
783
390
369
475
239
759
563
741
838
72
230
634
748
491
453
803
150
828
298
292
263
917
662
164
265
387
405
122
494
610
549
856
700
293
424
5
377
400
627
229
194
281
662
460
338
196
668
188
218
838
277
394
668
500
435
687
500
310
177
22
201
350
275
777
112
645
322
969
186
24
134
446
343
934
345
691
395
318
185
622
976
806
54
303
876
999
334
286
197
0
405
114
26
343
897
752
451
575
565
888
836
855
139
342
318
983
8
103
318
849
915
330
322
5
238
474
481
436
16
41
235
170
609
727
177
70
848
979
78
964
474
154
806
413
740
126
382
901
498
112
820
381
505
720
80
385
626
236
315
365
176
824
190
748
429
597
103
234
527
685
280
138
25
566
584
586
231
565
959
838
249
540
620
338
644
63
232
116
373
628
592
705
784
762
103
647
160
867
331
210
840
116
41
875
545
100
275
326
181
451
401
395
115
318
54
512
684
584
996
117
214
795
2
743
470
543
173
689
915
90
701
672
425
9
970
934
716
605
758
185
357
66
989
693
770
84
234
223
784
835
211
987
308
520
849
529
675
344
992
451
695
153
366
891
659
427
674
755
104
569
458
548
337
479
698
762
539
815
817
928
74
87
414
8
864
532
211
782
39
365
153
958
617
425
253
971
422
923
153
529
398
655
109
861
359
325
432
84
337
198
770
145
184
404
836
747
282
895
250
214
242
365
103
681
692
377
370
848
330
72
336
362
638
400
761
710
473
418
488
657
963
257
141
459
947
179
637
916
778
152
133
209
164
825
290
75
743
122
269
58
502
243
77
877
984
747
6
741
925
206
392
627
568
962
987
591
3
988
370
979
688
648
877
447
420
784
787
46
249
948
47
201
796
291
699
842
715
49
514
900
235
322
67
889
961
919
211
556
192
734
585
80
3
206
272
440
667
75
361
945
811
782
647
477
34
169
911
545
0
66
735
265
893
726
126
787
767
608
493
737
90
578
925
579
532
523
960
300
761
481
244
876
381
961
254
918
313
13
123
954
592
893
197
982
657
633
883
881
495
686
826
816
544
239
795
820
971
166
821
203
830
883
61
855
263
156
666
156
465
286
670
485
361
875
434
794
489
516
273
715
780
448
281
840
371
390
461
595
904
648
350
462
202
881
594
650
648
288
693
887
825
709
816
75
67
155
832
509
387
638
233
977
372
600
938
921
891
799
186
145
499
584
819
147
476
402
630
709
618
612
223
640
163
793
986
34
592
590
86
302
784
288
322
875
145
715
725
538
160
953
858
692
811
535
44
236
758
863
806
696
835
793
455
77
821
307
835
963
630
675
901
647
919
546
564
833
321
547
579
469
738
900
830
141
18
165
922
999
886
935
996
27
316
135
597
624
344
274
876
375
838
11
828
383
234
211
911
419
245
720
51
857
152
945
613
149
646
313
892
78
901
619
463
494
501
117
241
607
12
47
387
764
385
677
963
182
671
411
708
489
380
34
702
910
203
648
647
50
344
460
170
407
882
634
935
945
645
91
451
884
608
698
738
844
628
554
946
13
679
764
762
580
80
695
403
437
428
896
301
166
647
493
589
292
647
261
533
373
894
819
140
214
654
322
296
5
514
770
962
746
674
675
577
674
279
250
106
76
328
298
406
496
909
941
988
867
978
267
608
752
278
466
532
116
172
343
590
625
873
252
42
782
576
579
50
740
571
953
771
68
914
254
186
255
672
972
287
334
700
981
136
44
646
843
625
16
923
906
307
295
891
177
995
657
40
161
4
427
593
932
207
181
465
419
562
413
530
161
414
492
301
987
790
119
502
396
501
865
635
715
63
55
102
520
403
436
996
136
727
365
948
725
765
856
692
777
381
849
728
492
914
509
845
660
705
603
702
981
783
983
844
194
707
161
699
738
468
549
570
774
668
404
515
505
573
59
116
33
419
195
869
822
106
81
60
97
409
798
221
863
408
290
749
861
942
317
225
158
398
30
163
835
202
607
597
91
376
592
457
683
612
995
440
183
623
504
249
489
359
762
924
177
87
2
592
191
704
979
810
213
479
973
143
104
633
718
619
472
157
389
171
478
361
545
512
246
872
210
149
981
474
694
28
469
612
703
579
982
857
515
4
47
777
308
149
157
962
696
822
515
980
684
753
731
225
357
47
556
109
159
0
813
66
850
330
456
87
809
423
290
658
509
176
675
203
330
559
825
348
487
99
490
222
540
901
241
461
855
891
368
598
912
546
944
912
94
289
733
161
32
108
429
58
65
350
753
446
630
179
733
879
250
469
309
802
620
45
601
483
215
940
507
220
627
499
358
178
346
480
529
25
989
49
500
242
663
134
347
505
170
162
760
107
825
298
61
720
190
658
195
406
62
284
509
862
65
610
600
499
902
830
487
951
590
936
634
480
303
792
926
156
205
92
811
977
268
76
706
752
577
644
358
731
234
362
13
956
515
64
470
896
578
388
421
988
813
727
212
46
666
403
605
792
127
521
582
128
387
409
611
219
941
946
290
964
788
429
371
783
399
85
23
627
638
322
19
495
768
47
181
604
182
240
366
44
624
808
24
361
135
258
553
520
42
246
913
464
229
166
736
166
975
97
108
339
26
152
842
680
633
96
203
280
429
87
137
392
752
514
113
938
982
6
411
136
240
422
168
823
275
837
508
705
329
332
596
608
439
286
394
224
646
42
270
828
269
456
487
860
631
936
850
53
81
319
778
18
423
163
794
794
864
362
423
313
615
686
616
707
19
251
818
422
417
252
863
768
712
139
88
17
213
407
27
522
801
283
350
270
152
589
548
288
610
476
391
749
584
94
856
67
359
160
899
882
385
367
486
938
517
119
555
742
51
698
691
392
724
340
230
236
513
92
449
681
651
573
199
13
587
229
723
584
268
782
60
221
53
299
434
948
123
661
912
227
527
848
915
407
652
815
698
573
659
799
303
277
34
395
805
722
42
731
953
315
536
234
366
134
295
160
28
565
492
990
521
209
858
400
27
167
831
391
140
16
415
344
406
773
791
39
577
499
964
280
772
475
869
759
824
629
278
798
75
950
959
607
452
967
861
867
682
40
959
331
345
77
595
325
383
328
402
25
988
48
969
755
425
744
490
180
315
258
538
101
712
958
148
211
649
629
414
265
256
251
482
322
52
117
153
615
346
31
563
152
686
617
969
774
955
963
534
744
591
118
675
924
562
677
595
81
697
564
999
346
150
488
298
869
98
735
639
53
198
129
186
414
726
999
476
991
424
899
891
284
347
384
657
92
506
51
820
848
587
755
926
366
92
365
214
901
966
147
903
985
332
566
399
153
37
833
370
31
152
16
360
520
384
777
517
933
752
721
791
33
488
730
341
316
529
196
326
159
310
346
392
489
931
214
10
530
722
768
828
718
484
170
493
988
445
560
117
815
995
558
692
276
672
258
755
925
934
916
642
278
194
635
153
383
740
642
811
897
526
762
392
452
556
218
58
647
147
309
154
769
188
59
924
569
818
258
440
425
338
462
618
9
787
94
68
985
223
41
578
653
65
625
671
528
759
103
735
43
745
912
924
869
610
415
101
23
15
122
107
16
30
161
230
223
201
652
80
119
403
836
0
392
130
637
338
587
277
538
188
374
672
802
324
689
262
746
520
640
758
91
462
938
553
501
366
377
419
779
733
579
560
609
515
752
922
228
967
933
784
858
601
657
232
490
544
6
935
868
462
770
184
483
344
862
244
434
130
351
834
726
171
659
232
642
477
262
512
304
664
374
509
95
766
564
904
496
378
868
214
758
189
118
69
92
658
502
463
841
611
841
477
586
834
161
512
375
524
106
612
385
131
758
711
209
764
118
272
421
985
59
171
319
647
508
596
94
674
536
825
529
575
430
789
465
66
315
523
174
442
516
648
997
906
133
364
89
585
465
866
944
820
98
205
151
226
187
589
672
961
149
507
466
775
591
618
314
739
698
870
873
997
147
610
750
892
282
308
318
742
331
851
753
709
10
668
14
72
685
281
90
455
493
172
549
180
381
915
861
558
781
188
928
407
9
202
563
288
262
568
872
892
637
270
384
771
788
242
133
8
184
776
924
156
991
509
905
204
206
344
147
361
78
435
25
639
460
465
133
896
97
496
960
441
119
104
382
494
693
92
124
74
525
889
759
665
572
997
518
713
666
907
523
285
603
59
246
573
981
151
235
115
83
699
181
15
865
676
370
197
728
717
65
293
364
5
26
644
597
141
605
553
411
313
885
67
573
998
134
305
708
115
421
641
947
810
63
149
850
248
53
266
860
563
662
603
477
988
701
127
464
469
541
22
207
613
210
273
244
513
394
451
592
157
860
306
995
484
831
666
707
724
910
453
560
638
850
691
527
501
305
208
77
996
630
631
480
796
481
305
72
126
889
3
475
415
190
6
961
634
636
768
117
650
197
340
573
743
494
461
300
456
437
585
542
299
873
108
4
729
530
394
17
613
947
705
547
198
901
701
86
499
558
174
181
743
554
808
843
166
616
266
930
102
473
785
466
209
428
629
907
450
734
139
542
310
56
53
425
765
561
488
114
272
837
52
822
830
94
873
818
218
171
136
906
863
102
631
728
119
386
354
207
103
244
438
616
39
169
919
5
938
