  00
e 010
h 0110
o 0111
i 100
m 1010
x 1011
t 110
s 111
-----------
110 0110 100 111 00 100 111 00 111 0111 1010 010 00 110 010 1011 110 00 110 0110 100 111 00 100 111 00 111 0111 1010 010 00 110 010 1011 110 00 110 0110 100 111 00 100 111 00 111 0111 1010 010 00 110 010 1011 110 00 110 0110 100 111 00 100 111 00 111 0111 1010 010 00 110 010 1011 110 00 110 0110 100 111 00 100 111 00 111 0111 1010 010 00 110 010 1011 110 00 110 0110 100 111 00 100 111 00 111 0111 1010 010 00 110 010 1011 110 00 110 0110 100 111 00 100 111 00 111 0111 1010 010 00 110 010 1011 110 00 110 0110 100 111 00 100 111 00 111 0111 1010 010 00 110 010 1011 110 00 110 0110 100 111 00 100 111 00 111 0111 1010 010 00 110 010 1011 110 00 110 0110 100 111 00 100 111 00 111 0111 1010 010 00 110 010 1011 110 00 110 0110 100 111 00 100 111 00 111 0111 1010 010 00 110 010 1011 110 00 110 0110 100 111 00 100 111 00 111 0111 1010 010 00 110 010 1011 110 00 110 0110 100 111 00 100 111 00 111 0111 1010 010 00 110 010 1011 110 00 110 0110 100 111 00 100 111 00 111 0111 1010 010 00 110 010 1011 110 00 110 0110 100 111 00 100 111 00 111 0111 1010 010 00 110 010 1011 110 00 110 0110 100 111 00 100 111 00 111 0111 1010 010 00 110 010 1011 110 00 110 0110 100 111 00 100 111 00 111 0111 1010 010 00 110 010 1011 110 00 110 0110 100 111 00 100 111 00 111 0111 1010 010 00 110 010 1011 110 00 110 0110 100 111 00 100 111 00 111 0111 1010 010 00 110 010 1011 110 00 110 0110 100 111 00 100 111 00 111 0111 1010 010 00 110 010 1011 110 00 110 0110 100 111 00 100 111 00 111 0111 1010 010 00 110 010 1011 110 00 110 0110 100 111 00 100 111 00 111 0111 1010 010 00 110 010 1011 110 00 110 0110 100 111 00 100 111 00 111 0111 1010 010 00 110 010 1011 110 00 110 0110 100 111 00 100 111 00 111 0111 1010 010 00 110 010 1011 110 00 110 0110 100 111 00 100 111 00 111 0111 1010 010 00 110 010 1011 110 00 110 0110 100 111 00 100 111 00 111 0111 1010 010 00 110 010 1011 110 00 110 0110 100 111 00 100 111 00 111 0111 1010 010 00 110 010 1011 110 00 110 0110 100 111 00 100 111 00 111 0111 1010 010 00 110 010 1011 110 00 110 0110 100 111 00 100 111 00 111 0111 1010 010 00 110 010 1011 110 00 110 0110 100 111 00 100 111 00 111 0111 1010 010 00 110 010 1011 110 00 110 0110 100 111 00 100 111 00 111 0111 1010 010 00 110 010 1011 110 00 110 0110 100 111 00 100 111 00 111 0111 1010 010 00 110 010 1011 110 00 110 0110 100 111 00 100 111 00 111 0111 1010 010 00 110 010 1011 110 00 110 0110 100 111 00 100 111 00 111 0111 1010 010 00 110 010 1011 110 00 110 0110 100 111 00 100 111 00 111 0111 1010 010 00 110 010 1011 110 00 110 0110 100 111 00 100 111 00 111 0111 1010 010 00 110 010 1011 110 00 110 0110 100 111 00 100 111 00 111 0111 1010 010 00 110 010 1011 110 00 110 0110 100 111 00 100 111 00 111 0111 1010 010 00 110 010 1011 110 00 110 0110 100 111 00 100 111 00 111 0111 1010 010 00 110 010 1011 110 00 110 0110 100 111 00 100 111 00 111 0111 1010 010 00 110 010 1011 110 00 110 0110 100 111 00 100 111 00 111 0111 1010 010 00 110 010 1011 110 00 110 0110 100 111 00 100 111 00 111 0111 1010 010 00 110 010 1011 110 00 110 0110 100 111 00 100 111 00 111 0111 1010 010 00 110 010 1011 110 00 110 0110 100 111 00 100 111 00 111 0111 1010 010 00 110 010 1011 110 00 110 0110 100 111 00 100 111 00 111 0111 1010 010 00 110 010 1011 110 00 110 0110 100 111 00 100 111 00 111 0111 1010 010 00 110 010 1011 110 00 110 0110 100 111 00 100 111 00 111 0111 1010 010 00 110 010 1011 110 00 110 0110 100 111 00 100 111 00 111 0111 1010 010 00 110 010 1011 110 00 